<?xml version="1.0" encoding="utf-8"?>
<opencv_storage>
   <camera-matrix type_id="opencv-matrix">
      <rows>3</rows>
      <cols>3</cols>
      <dt>d</dt>
      <data>1788.1757375102120022 0.0000000000000000 735.6917721896512603 
0.0000000000000000 1788.6437328593858638 575.6281177891917196 
0.0000000000000000 0.0000000000000000 1.0000000000000000 
</data>
   </camera-matrix>
   <distortion type_id="opencv-matrix">
      <rows>5</rows>
      <cols>1</cols>
      <dt>d</dt>
      <data>-0.1380036316867790 0.1062918155398648 0.0000000000000000 0.0000000000000000 0.0000000000000000 </data>
   </distortion>
</opencv_storage>